TEACHER ACCEPTS:  1  8  9 11 12 13 14 15 16 17 19 
    0  1  2  3  4  5  6  7  8  9 10 11 12 13 14 15 16 17 18 19 20 21 22 23 24 25 26 27 28 29 30 31 32 33 34 35 36 37 38 39 40 
 0  0                                                                                                                      
 1  1                                                                                                                      
 2                                                                                                                         
 3                                                                                                                         
 4                                                                                                                         
 5                                                                                                                         
 6                                                                                                                         
 7                                                                                                                         
 8                                                                                                                         
 9                                                                                                                         
10                                                                                                                         
11                                                                                                                         
12                                                                                                                         
13                                                                                                                         
14                                                                                                                         
15                                                                                                                         
16                                                                                                                         
17                                                                                                                         
18                                                                                                                         
19                                                                                                                         
20                                                                                                                         
21                                                                                                                         
22                                                                                                                         
23                                                                                                                         
24                                                                                                                         
25                                                                                                                         
26                                                                                                                         
27                                                                                                                         
28                                                                                                                         
29                                                                                                                         
30                                                                                                                         
31                                                                                                                         
32                                                                                                                         
33                                                                                                                         
34                                                                                                                         
35                                                                                                                         
36                                                                                                                         
37                                                                                                                         
38                                                                                                                         
39                                                                                                                         
40                                                                                                                         

    0  1  2  3  4  5  6  7  8  9 10 11 12 13 14 15 16 17 18 19 20 21 22 23 24 25 26 27 28 29 30 31 32 33 34 35 36 37 38 39 40 
 0  0                                                                                                                      
 1  1                                                                                                                      
 2  0                                                                                                                      
 3                                                                                                                         
 4                                                                                                                         
 5                                                                                                                         
 6                                                                                                                         
 7                                                                                                                         
 8                                                                                                                         
 9                                                                                                                         
10                                                                                                                         
11                                                                                                                         
12                                                                                                                         
13                                                                                                                         
14                                                                                                                         
15                                                                                                                         
16                                                                                                                         
17                                                                                                                         
18                                                                                                                         
19                                                                                                                         
20                                                                                                                         
21                                                                                                                         
22                                                                                                                         
23                                                                                                                         
24                                                                                                                         
25                                                                                                                         
26                                                                                                                         
27                                                                                                                         
28                                                                                                                         
29                                                                                                                         
30                                                                                                                         
31                                                                                                                         
32                                                                                                                         
33                                                                                                                         
34                                                                                                                         
35                                                                                                                         
36                                                                                                                         
37                                                                                                                         
38                                                                                                                         
39                                                                                                                         
40                                                                                                                         

LEARNER ACCEPTS:  1  3  5  7  9 11 13 15 17 19 
TRUE POSITIVE:  7/21
FALSE POSITIVE:  3/21
TRUE NEGATIVE:  7/21
FALSE NEGATIVE:  4/21
bd-ac = -1.761905
MUTUAL INFO = 0.083355
COUNTEREXAMPLE =  3
    0  1  2  3  4  5  6  7  8  9 10 11 12 13 14 15 16 17 18 19 20 21 22 23 24 25 26 27 28 29 30 31 32 33 34 35 36 37 38 39 40 
 0  0  1                                                                                                                   
 1  1  0                                                                                                                   
 2  0  0                                                                                                                   
 3  0  0                                                                                                                   
 4  0  0                                                                                                                   
 5                                                                                                                         
 6                                                                                                                         
 7                                                                                                                         
 8                                                                                                                         
 9                                                                                                                         
10                                                                                                                         
11                                                                                                                         
12                                                                                                                         
13                                                                                                                         
14                                                                                                                         
15                                                                                                                         
16                                                                                                                         
17                                                                                                                         
18                                                                                                                         
19                                                                                                                         
20                                                                                                                         
21                                                                                                                         
22                                                                                                                         
23                                                                                                                         
24                                                                                                                         
25                                                                                                                         
26                                                                                                                         
27                                                                                                                         
28                                                                                                                         
29                                                                                                                         
30                                                                                                                         
31                                                                                                                         
32                                                                                                                         
33                                                                                                                         
34                                                                                                                         
35                                                                                                                         
36                                                                                                                         
37                                                                                                                         
38                                                                                                                         
39                                                                                                                         
40                                                                                                                         

LEARNER ACCEPTS:  1 
TRUE POSITIVE:  1/21
FALSE POSITIVE:  0/21
TRUE NEGATIVE: 10/21
FALSE NEGATIVE: 10/21
bd-ac = -0.476190
MUTUAL INFO = 0.045983
COUNTEREXAMPLE =  8
    0  1  2  3  4  5  6  7  8  9 10 11 12 13 14 15 16 17 18 19 20 21 22 23 24 25 26 27 28 29 30 31 32 33 34 35 36 37 38 39 40 
 0  0  1  0  0  0  0                                                                                                       
 1  1  0  0  0  0  0                                                                                                       
 2  0  0  0  0  0  0                                                                                                       
 3  0  0  0  0  0  1                                                                                                       
 4  0  0  0  0  1  1                                                                                                       
 5  0  0  0  1  1  0                                                                                                       
 6  0  0  1  1  0  1                                                                                                       
 7  0  1  1  0  1  1                                                                                                       
 8  1  1  0  1  1  1                                                                                                       
 9  1  0  1  1  1  1                                                                                                       
10  0  1  1  1  1  1                                                                                                       
11  1  1  1  1  1  1                                                                                                       
12  1  1  1  1  1  1                                                                                                       
13                                                                                                                         
14                                                                                                                         
15                                                                                                                         
16                                                                                                                         
17                                                                                                                         
18                                                                                                                         
19                                                                                                                         
20                                                                                                                         
21                                                                                                                         
22                                                                                                                         
23                                                                                                                         
24                                                                                                                         
25                                                                                                                         
26                                                                                                                         
27                                                                                                                         
28                                                                                                                         
29                                                                                                                         
30                                                                                                                         
31                                                                                                                         
32                                                                                                                         
33                                                                                                                         
34                                                                                                                         
35                                                                                                                         
36                                                                                                                         
37                                                                                                                         
38                                                                                                                         
39                                                                                                                         
40                                                                                                                         

LEARNER ACCEPTS:  1  8  9 11 12 13 14 15 16 17 18 19 20 
TRUE POSITIVE: 11/21
FALSE POSITIVE:  2/21
TRUE NEGATIVE:  8/21
FALSE NEGATIVE:  0/21
bd-ac = -4.190476
MUTUAL INFO = 0.614937
COUNTEREXAMPLE = 18
    0  1  2  3  4  5  6  7  8  9 10 11 12 13 14 15 16 17 18 19 20 21 22 23 24 25 26 27 28 29 30 31 32 33 34 35 36 37 38 39 40 
 0  0  1  0  0  0  0  0                                                                                                    
 1  1  0  0  0  0  0  0                                                                                                    
 2  0  0  0  0  0  0  1                                                                                                    
 3  0  0  0  0  0  1  1                                                                                                    
 4  0  0  0  0  1  1  0                                                                                                    
 5  0  0  0  1  1  0  1                                                                                                    
 6  0  0  1  1  0  1  1                                                                                                    
 7  0  1  1  0  1  1  1                                                                                                    
 8  1  1  0  1  1  1  1                                                                                                    
 9  1  0  1  1  1  1  1                                                                                                    
10  0  1  1  1  1  1  1                                                                                                    
11  1  1  1  1  1  1  1                                                                                                    
12  1  1  1  1  1  1  0                                                                                                    
13  1  1  1  1  1  0  1                                                                                                    
14  1  1  1  1  0  1  0                                                                                                    
15  1  1  1  0  1  0  0                                                                                                    
16  1  1  0  1  0  0  0                                                                                                    
17  1  0  1  0  0  0  0                                                                                                    
18  0  1  0  0  0  0  0                                                                                                    
19  1  0  0  0  0  0  0                                                                                                    
20                                                                                                                         
21                                                                                                                         
22                                                                                                                         
23                                                                                                                         
24                                                                                                                         
25                                                                                                                         
26                                                                                                                         
27                                                                                                                         
28                                                                                                                         
29                                                                                                                         
30                                                                                                                         
31                                                                                                                         
32                                                                                                                         
33                                                                                                                         
34                                                                                                                         
35                                                                                                                         
36                                                                                                                         
37                                                                                                                         
38                                                                                                                         
39                                                                                                                         
40                                                                                                                         

LEARNER ACCEPTS:  1  8  9 11 12 13 14 15 16 17 19 
TRUE POSITIVE: 11/21
FALSE POSITIVE:  0/21
TRUE NEGATIVE: 10/21
FALSE NEGATIVE:  0/21
bd-ac = -5.238095
MUTUAL INFO = 0.998364

